[((0, 0), (1, 0)), ((1, 0), (2, 0)), ((2, 0), (2, 1)), ((2, 1), (2, 2)), ((2, 2), (1, 2)), ((1, 2), (1, 3)), ((1, 3), (2, 3)), ((2, 3), (3, 3)), ((3, 3), (3, 2)), ((3, 2), (4, 2)), ((4, 2), (4, 1)), ((4, 1), (4, 0)), ((4, 0), (3, 0)), ((3, 0), (3, 1)), ((3, 1), (2, 1)), ((2, 1), (1, 1)), ((1, 1), (0, 1)), ((0, 1), (0, 2)), ((0, 2), (0, 3)), ((0, 3), (0, 4)), ((0, 4), (1, 4)), ((1, 4), (2, 4)), ((2, 4), (3, 4)), ((3, 4), (4, 4))]



R,R,D,D,L,D,R,R,U,R,U,U,L,D,L,L,L,D,D,D,R,R,R,R




>>> env.reset()
[(2, 0), 4, [0, 1], -1, False]
>>> env.step(1)
[(2, 1), 8, [0, 1, 2], -1, False]
>>> env.step(1)
[(2, 2), 16, [0, 1, 2], -1, False]
>>> env.step(2)
[(1, 2), 14, [1, 2, 3], -1, False]
>>> env.step(1)
[(1, 3), 28, [0, 1, 2], -1, False]
>>> env.step(0)
[(2, 3), 30, [0, 1, 3], -1, False]
>>> env.step(0)
[(3, 3), 32, [0, 1, 3], -1, False]
>>> env.step(3)
[(3, 2), 16.0, [0, 2, 3], -1, False]
>>> env.step(0)
[(4, 2), 18.0, [1, 3], -1, False]
>>> env.step(3)
[(4, 1), 9.0, [2, 3], -1, False]
>>> env.step(3)
[(4, 0), 4.5, [2], -1, False]
>>> env.step(2)
[(3, 0), 2.5, [1, 2], -1, False]
>>> env.step(1)
[(3, 1), 5.0, [0, 1, 2], -1, False]
>>> env.step(2)
[(2, 1), 3.0, [2], -1, False]
>>> env.step(2)
[(1, 1), 1.0, [1, 2, 3], -1, False]
>>> env.step(2)
[(0, 1), -1.0, [1, 3], -1, False]
>>> env.step(1)
[(0, 2), -2.0, [0, 1], -1, False]
>>> env.step(1)
[(0, 3), -4.0, [0, 1], -1, False]
>>> env.step(1)
[(0, 4), -8.0, [0], -1, False]
>>> env.step(0)
[(1, 4), -6.0, [0, 3], -1, False]
>>> env.step(0)
[(2, 4), -4.0, [0, 3], -1, False]
>>> env.step(0)
[(3, 4), -2.0, [0, 3], -1, False]
>>> env.step(0)
----------------------
[((0, 0), (1, 0)), ((1, 0), (2, 0)), ((2, 0), (2, 1)), ((2, 1), (2, 2)), ((2, 2), (1, 2)), ((1, 2), (1, 3)), ((1, 3), (2, 3)), ((2, 3), (3, 3)), ((3, 3), (3, 2)), ((3, 2), (4, 2)), ((4, 2), (4, 1)), ((4, 1), (4, 0)), ((4, 0), (3, 0)), ((3, 0), (3, 1)), ((3, 1), (2, 1)), ((2, 1), (1, 1)), ((1, 1), (0, 1)), ((0, 1), (0, 2)), ((0, 2), (0, 3)), ((0, 3), (0, 4)), ((0, 4), (1, 4)), ((1, 4), (2, 4)), ((2, 4), (3, 4)), ((3, 4), (4, 4))]
[(4, 4), 0.0, [3], 0, True]
>>>